Time taken    0.4069457 seconds

Iteration          x1          x2          x3     |Ea1|     |Ea2|     |Ea3|
        0     0.00000     0.00000     0.00000
        1     0.75000     2.50000     3.14583   0.75000   2.50000   3.14583
        2     0.91146     2.00446     3.00849   0.16146   0.49554   0.13734
        3     1.00101     1.99850     2.99954   0.08955   0.00597   0.00895
        4     1.00026     1.99999     2.99998   0.00075   0.00149   0.00044
        5     1.00000     2.00000     3.00000   0.00026   0.00001   0.00003
        6     1.00000     2.00000     3.00000   0.00000   0.00000   0.00000
